000000000000000000000000
000000000000000000000000
000000000000000000000000
000000000000000000000000
000000000000000000000000
000000000000000000000000
000000000000000000000000
000000000000000000000000
000000011111111110000000
000000011111111110000000
000000011111111110000000
000000011111111110000000
000000011111111110000000
000000011111111110000000
000000011111111110000000
000000011111111110000000
000000011111111110000000
000000011111111110000000
000000000000000000000000
000000000000000000000000
000000000000000000000000
000000000000000000000000
000000000000000000000000
000000000000000000000000
